   0.0000000e+00  -1.8985303e+00  -3.0819863e+00
   7.6293945e-02  -1.4703287e+01  -2.6140568e-01
   1.5258789e-01  -1.2816544e+01  -2.4354876e-01
   2.2888184e-01  -1.1963990e+01  -2.2226626e-01
   3.0517578e-01  -1.1185910e+01  -1.9838759e-01
   3.8146973e-01  -1.0476294e+01  -1.6671334e-01
   4.5776367e-01  -1.0031754e+01  -1.3491479e-01
   5.3405762e-01  -9.7035490e+00  -1.0204773e-01
   6.1035156e-01  -9.4623618e+00  -8.2255475e-02
   6.8664551e-01  -9.2820903e+00  -5.6311160e-02
   7.6293945e-01  -9.2068985e+00  -3.7703593e-02
   8.3923340e-01  -9.1619955e+00  -1.8063515e-02
   9.1552734e-01  -9.1985604e+00  -1.6999724e-02
   9.9182129e-01  -9.2209411e+00  -5.7255191e-03
   1.0681152e+00  -9.3120332e+00   2.8910199e-03
   1.1444092e+00  -9.3338268e+00   2.4760239e-03
   1.2207031e+00  -9.3587119e+00  -6.2885535e-03
   1.2969971e+00  -9.4288675e+00  -8.6634185e-03
   1.3732910e+00  -9.5118405e+00  -1.7358960e-02
   1.4495850e+00  -9.5544203e+00  -2.6190164e-02
   1.5258789e+00  -9.6093960e+00  -3.0942167e-02
   1.6021729e+00  -9.6377861e+00  -3.6314421e-02
   1.6784668e+00  -9.6770779e+00  -4.9019037e-02
   1.7547607e+00  -9.7007591e+00  -5.6400314e-02
   1.8310547e+00  -9.7654618e+00  -6.4030517e-02
   1.9073486e+00  -9.8078928e+00  -7.4742571e-02
   1.9836426e+00  -9.8773511e+00  -7.9304115e-02
   2.0599365e+00  -9.8891448e+00  -8.4631688e-02
   2.1362305e+00  -9.9192085e+00  -9.2044464e-02
   2.2125244e+00  -9.8777819e+00  -9.6596722e-02
   2.2888184e+00  -9.8129208e+00  -1.0644628e-01
   2.3651123e+00  -9.7595889e+00  -1.2050569e-01
   2.4414062e+00  -9.7405819e+00  -1.2636207e-01
   2.5177002e+00  -9.6596446e+00  -1.2700044e-01
   2.5939941e+00  -9.5774001e+00  -1.3223990e-01
   2.6702881e+00  -9.5434478e+00  -1.3452216e-01
   2.7465820e+00  -9.5307046e+00  -1.2865046e-01
   2.8228760e+00  -9.5217790e+00  -1.2794194e-01
   2.8991699e+00  -9.5028648e+00  -1.1986009e-01
   2.9754639e+00  -9.5454827e+00  -1.1802363e-01
   3.0517578e+00  -9.5493379e+00  -1.2112132e-01
   3.1280518e+00  -9.6655572e+00  -1.2357279e-01
   3.2043457e+00  -9.7859306e+00  -1.2896950e-01
   3.2806396e+00  -9.8551376e+00  -1.3505930e-01
   3.3569336e+00  -9.9363422e+00  -1.4542372e-01
   3.4332275e+00  -9.9538624e+00  -1.6340453e-01
   3.5095215e+00  -9.9452461e+00  -1.7751773e-01
   3.5858154e+00  -9.8993031e+00  -1.9629278e-01
   3.6621094e+00  -9.8556814e+00  -2.0800671e-01
   3.7384033e+00  -9.7834204e+00  -2.1710498e-01
   3.8146973e+00  -9.7481973e+00  -2.1671392e-01
   3.8909912e+00  -9.7078651e+00  -2.1369309e-01
   3.9672852e+00  -9.6314682e+00  -2.0909794e-01
   4.0435791e+00  -9.6875096e+00  -2.1058287e-01
   4.1198730e+00  -9.7320336e+00  -2.0614793e-01
   4.1961670e+00  -9.8400702e+00  -2.0913129e-01
   4.2724609e+00  -9.9199960e+00  -2.1233766e-01
   4.3487549e+00  -1.0040637e+01  -2.2146587e-01
   4.4250488e+00  -1.0121759e+01  -2.3676338e-01
   4.5013428e+00  -1.0141977e+01  -2.5179504e-01
   4.5776367e+00  -1.0241318e+01  -2.6641011e-01
   4.6539307e+00  -1.0171200e+01  -2.7892729e-01
   4.7302246e+00  -1.0098087e+01  -2.8288184e-01
   4.8065186e+00  -1.0060869e+01  -2.9249776e-01
   4.8828125e+00  -9.9678083e+00  -2.9485049e-01
   4.9591064e+00  -9.9775971e+00  -2.8719515e-01
   5.0354004e+00  -9.9447749e+00  -2.8725349e-01
   5.1116943e+00  -9.9871892e+00  -2.8231920e-01
   5.1879883e+00  -1.0009686e+01  -2.8048501e-01
   5.2642822e+00  -1.0080946e+01  -2.8679173e-01
   5.3405762e+00  -1.0143547e+01  -2.9270929e-01
   5.4168701e+00  -1.0195374e+01  -3.0330741e-01
   5.4931641e+00  -1.0230088e+01  -3.0923244e-01
   5.5694580e+00  -1.0174344e+01  -3.2073501e-01
   5.6457520e+00  -1.0173228e+01  -3.3040257e-01
   5.7220459e+00  -1.0083548e+01  -3.2942450e-01
   5.7983398e+00  -1.0054596e+01  -3.3568240e-01
   5.8746338e+00  -9.9885676e+00  -3.3033290e-01
   5.9509277e+00  -9.9995694e+00  -3.2541711e-01
   6.0272217e+00  -1.0021108e+01  -3.1881154e-01
   6.1035156e+00  -9.9931469e+00  -3.1393326e-01
   6.1798096e+00  -1.0069329e+01  -3.1744809e-01
   6.2561035e+00  -1.0115416e+01  -3.2415745e-01
   6.3323975e+00  -1.0175124e+01  -3.2729093e-01
   6.4086914e+00  -1.0192337e+01  -3.3670177e-01
   6.4849854e+00  -1.0187808e+01  -3.4514275e-01
   6.5612793e+00  -1.0247449e+01  -3.5251369e-01
   6.6375732e+00  -1.0215672e+01  -3.5137196e-01
   6.7138672e+00  -1.0225786e+01  -3.5056136e-01
   6.7901611e+00  -1.0201122e+01  -3.4956510e-01
   6.8664551e+00  -1.0196087e+01  -3.4892134e-01
   6.9427490e+00  -1.0258905e+01  -3.4906407e-01
   7.0190430e+00  -1.0275167e+01  -3.5481474e-01
   7.0953369e+00  -1.0376742e+01  -3.5692126e-01
   7.1716309e+00  -1.0384670e+01  -3.5907861e-01
   7.2479248e+00  -1.0392231e+01  -3.6820341e-01
   7.3242188e+00  -1.0383633e+01  -3.7417737e-01
   7.4005127e+00  -1.0422954e+01  -3.8009305e-01
   7.4768066e+00  -1.0374853e+01  -3.8221930e-01
   7.5531006e+00  -1.0377376e+01  -3.8593607e-01
   7.6293945e+00  -1.0395854e+01  -3.8738895e-01
   7.7056885e+00  -1.0391881e+01  -3.8611134e-01
   7.7819824e+00  -1.0410123e+01  -3.8675395e-01
   7.8582764e+00  -1.0443414e+01  -3.9227658e-01
   7.9345703e+00  -1.0481541e+01  -3.9412184e-01
   8.0108643e+00  -1.0514335e+01  -3.9947034e-01
   8.0871582e+00  -1.0482540e+01  -4.0620577e-01
   8.1634521e+00  -1.0514463e+01  -4.1527127e-01
   8.2397461e+00  -1.0491314e+01  -4.2750552e-01
   8.3160400e+00  -1.0527237e+01  -4.3264412e-01
   8.3923340e+00  -1.0536013e+01  -4.4112008e-01
   8.4686279e+00  -1.0511554e+01  -4.4534352e-01
   8.5449219e+00  -1.0557132e+01  -4.4795429e-01
   8.6212158e+00  -1.0506509e+01  -4.5198176e-01
   8.6975098e+00  -1.0501071e+01  -4.5873834e-01
   8.7738037e+00  -1.0545128e+01  -4.6495274e-01
   8.8500977e+00  -1.0537016e+01  -4.6784884e-01
   8.9263916e+00  -1.0522831e+01  -4.7162322e-01
   9.0026855e+00  -1.0561722e+01  -4.8156729e-01
   9.0789795e+00  -1.0573300e+01  -4.8006367e-01
   9.1552734e+00  -1.0582233e+01  -4.8662493e-01
   9.2315674e+00  -1.0598189e+01  -4.8841895e-01
   9.3078613e+00  -1.0599338e+01  -4.9174594e-01
   9.3841553e+00  -1.0577851e+01  -4.9722756e-01
   9.4604492e+00  -1.0604199e+01  -5.0158141e-01
   9.5367432e+00  -1.0600112e+01  -5.0477509e-01
   9.6130371e+00  -1.0632843e+01  -5.0182481e-01
   9.6893311e+00  -1.0609454e+01  -5.0186400e-01
   9.7656250e+00  -1.0646619e+01  -5.0122574e-01
   9.8419189e+00  -1.0676645e+01  -4.9977387e-01
   9.9182129e+00  -1.0688966e+01  -4.9977802e-01
   9.9945068e+00  -1.0754366e+01  -5.0330638e-01
   1.0070801e+01  -1.0736849e+01  -5.0549367e-01
   1.0147095e+01  -1.0789905e+01  -5.1294046e-01
   1.0223389e+01  -1.0830158e+01  -5.1508618e-01
   1.0299683e+01  -1.0842937e+01  -5.1282045e-01
   1.0375977e+01  -1.0880492e+01  -5.1357879e-01
   1.0452271e+01  -1.0891231e+01  -5.1714793e-01
   1.0528564e+01  -1.0954131e+01  -5.1638942e-01
   1.0604858e+01  -1.0977092e+01  -5.2518774e-01
   1.0681152e+01  -1.1007639e+01  -5.3033476e-01
   1.0757446e+01  -1.1054332e+01  -5.3936564e-01
   1.0833740e+01  -1.1048123e+01  -5.4377737e-01
   1.0910034e+01  -1.1058193e+01  -5.4386652e-01
   1.0986328e+01  -1.1030733e+01  -5.4342171e-01
   1.1062622e+01  -1.1022465e+01  -5.4230895e-01
   1.1138916e+01  -1.1015011e+01  -5.4525567e-01
   1.1215210e+01  -1.1075414e+01  -5.5045677e-01
   1.1291504e+01  -1.1093513e+01  -5.5052208e-01
   1.1367798e+01  -1.1101051e+01  -5.6094953e-01
   1.1444092e+01  -1.1146884e+01  -5.6567299e-01
   1.1520386e+01  -1.1075694e+01  -5.6762916e-01
   1.1596680e+01  -1.1069602e+01  -5.7553460e-01
   1.1672974e+01  -1.1060296e+01  -5.7249475e-01
   1.1749268e+01  -1.1046288e+01  -5.7053003e-01
   1.1825562e+01  -1.1063173e+01  -5.7453696e-01
   1.1901855e+01  -1.1125234e+01  -5.7761493e-01
   1.1978149e+01  -1.1194941e+01  -5.8041553e-01
   1.2054443e+01  -1.1249410e+01  -5.8823481e-01
   1.2130737e+01  -1.1270392e+01  -5.8898096e-01
   1.2207031e+01  -1.1265934e+01  -5.9330949e-01
   1.2283325e+01  -1.1193859e+01  -5.9091812e-01
   1.2359619e+01  -1.1187872e+01  -5.9017502e-01
   1.2435913e+01  -1.1189165e+01  -5.8960241e-01
   1.2512207e+01  -1.1267249e+01  -5.8806347e-01
   1.2588501e+01  -1.1354996e+01  -5.8991335e-01
   1.2664795e+01  -1.1446895e+01  -5.9602058e-01
   1.2741089e+01  -1.1496680e+01  -6.0485170e-01
   1.2817383e+01  -1.1538494e+01  -6.1821411e-01
   1.2893677e+01  -1.1506684e+01  -6.2325778e-01
   1.2969971e+01  -1.1470963e+01  -6.2718972e-01
   1.3046265e+01  -1.1463998e+01  -6.2876511e-01
   1.3122559e+01  -1.1508631e+01  -6.1992723e-01
   1.3198853e+01  -1.1522669e+01  -6.1902688e-01
   1.3275146e+01  -1.1611278e+01  -6.2044914e-01
   1.3351440e+01  -1.1681059e+01  -6.2307766e-01
   1.3427734e+01  -1.1674999e+01  -6.3025019e-01
   1.3504028e+01  -1.1677547e+01  -6.3907175e-01
   1.3580322e+01  -1.1585171e+01  -6.4173002e-01
   1.3656616e+01  -1.1558247e+01  -6.4735710e-01
   1.3732910e+01  -1.1529033e+01  -6.4415679e-01
   1.3809204e+01  -1.1570973e+01  -6.4656662e-01
   1.3885498e+01  -1.1648387e+01  -6.4784742e-01
   1.3961792e+01  -1.1710002e+01  -6.4762117e-01
   1.4038086e+01  -1.1721830e+01  -6.5765955e-01
   1.4114380e+01  -1.1715914e+01  -6.6365547e-01
   1.4190674e+01  -1.1683846e+01  -6.6605626e-01
   1.4266968e+01  -1.1618573e+01  -6.6216310e-01
   1.4343262e+01  -1.1575079e+01  -6.5453291e-01
   1.4419556e+01  -1.1595207e+01  -6.4938235e-01
   1.4495850e+01  -1.1614864e+01  -6.4699024e-01
   1.4572144e+01  -1.1708044e+01  -6.4770988e-01
   1.4648438e+01  -1.1728551e+01  -6.5671874e-01
   1.4724731e+01  -1.1752654e+01  -6.6271845e-01
   1.4801025e+01  -1.1707058e+01  -6.7102858e-01
   1.4877319e+01  -1.1687716e+01  -6.7632473e-01
   1.4953613e+01  -1.1692574e+01  -6.7072888e-01
   1.5029907e+01  -1.1714182e+01  -6.7022359e-01
   1.5106201e+01  -1.1819622e+01  -6.6871050e-01
   1.5182495e+01  -1.1899797e+01  -6.6850552e-01
   1.5258789e+01  -1.2009099e+01  -6.7850807e-01
   1.5335083e+01  -1.2037149e+01  -6.8078698e-01
   1.5411377e+01  -1.2030720e+01  -6.8473311e-01
   1.5487671e+01  -1.1985739e+01  -6.8963855e-01
   1.5563965e+01  -1.1978794e+01  -6.8429485e-01
   1.5640259e+01  -1.2010708e+01  -6.8340057e-01
   1.5716553e+01  -1.2030821e+01  -6.8179904e-01
   1.5792847e+01  -1.2092137e+01  -6.8857045e-01
   1.5869141e+01  -1.2153979e+01  -7.0283553e-01
   1.5945435e+01  -1.2158200e+01  -7.0951776e-01
   1.6021729e+01  -1.2141465e+01  -7.1596609e-01
   1.6098022e+01  -1.2058885e+01  -7.1991957e-01
   1.6174316e+01  -1.2061168e+01  -7.1909377e-01
   1.6250610e+01  -1.2119641e+01  -7.1779766e-01
   1.6326904e+01  -1.2202469e+01  -7.1177606e-01
   1.6403198e+01  -1.2232907e+01  -7.1089531e-01
   1.6479492e+01  -1.2240992e+01  -7.2368990e-01
   1.6555786e+01  -1.2227761e+01  -7.2881474e-01
   1.6632080e+01  -1.2135738e+01  -7.3285838e-01
   1.6708374e+01  -1.2099034e+01  -7.3660502e-01
   1.6784668e+01  -1.2068327e+01  -7.2742036e-01
   1.6860962e+01  -1.2090433e+01  -7.2692450e-01
   1.6937256e+01  -1.2136407e+01  -7.3103307e-01
   1.7013550e+01  -1.2209507e+01  -7.4257115e-01
   1.7089844e+01  -1.2288135e+01  -7.5612877e-01
   1.7166138e+01  -1.2251888e+01  -7.6450739e-01
   1.7242432e+01  -1.2265012e+01  -7.7056993e-01
   1.7318726e+01  -1.2222396e+01  -7.7156633e-01
   1.7395020e+01  -1.2239823e+01  -7.6621363e-01
   1.7471313e+01  -1.2263446e+01  -7.6699788e-01
   1.7547607e+01  -1.2295625e+01  -7.7123009e-01
   1.7623901e+01  -1.2360927e+01  -7.7733502e-01
   1.7700195e+01  -1.2328310e+01  -7.8413895e-01
   1.7776489e+01  -1.2282924e+01  -7.9278199e-01
   1.7852783e+01  -1.2242199e+01  -8.0040237e-01
   1.7929077e+01  -1.2251619e+01  -8.0411629e-01
   1.8005371e+01  -1.2267560e+01  -7.9738238e-01
   1.8081665e+01  -1.2251693e+01  -8.0546708e-01
   1.8157959e+01  -1.2336816e+01  -8.1033306e-01
   1.8234253e+01  -1.2334158e+01  -8.1544035e-01
   1.8310547e+01  -1.2302563e+01  -8.1789644e-01
   1.8386841e+01  -1.2253770e+01  -8.2110856e-01
   1.8463135e+01  -1.2210387e+01  -8.1627517e-01
   1.8539429e+01  -1.2211877e+01  -8.0775175e-01
   1.8615723e+01  -1.2178239e+01  -8.0126155e-01
   1.8692017e+01  -1.2204369e+01  -7.9808242e-01
   1.8768311e+01  -1.2184021e+01  -8.0292958e-01
   1.8844604e+01  -1.2236040e+01  -8.0343499e-01
   1.8920898e+01  -1.2242242e+01  -7.9874809e-01
   1.8997192e+01  -1.2234171e+01  -7.9635447e-01
   1.9073486e+01  -1.2280323e+01  -7.9517291e-01
   1.9149780e+01  -1.2357851e+01  -7.9385599e-01
   1.9226074e+01  -1.2429117e+01  -7.9730269e-01
   1.9302368e+01  -1.2508170e+01  -7.9305550e-01
   1.9378662e+01  -1.2494669e+01  -7.9504946e-01
   1.9454956e+01  -1.2470997e+01  -7.9303210e-01
   1.9531250e+01  -1.2553009e+01  -8.0037945e-01
   1.9607544e+01  -1.2605650e+01  -7.8383205e-01
   1.9683838e+01  -1.2613408e+01  -7.8649008e-01
   1.9760132e+01  -1.2637196e+01  -7.8529836e-01
   1.9836426e+01  -1.2639001e+01  -7.9904729e-01
   1.9912720e+01  -1.2674287e+01  -8.0356303e-01
   1.9989014e+01  -1.2675964e+01  -8.1082475e-01
   2.0065308e+01  -1.2667751e+01  -8.1033864e-01
   2.0141602e+01  -1.2689247e+01  -8.1269931e-01
   2.0217896e+01  -1.2744354e+01  -8.1642710e-01
   2.0294189e+01  -1.2820690e+01  -8.1447581e-01
   2.0370483e+01  -1.2830544e+01  -8.2350821e-01
   2.0446777e+01  -1.2811897e+01  -8.3019865e-01
   2.0523071e+01  -1.2826288e+01  -8.3975686e-01
   2.0599365e+01  -1.2800837e+01  -8.4083316e-01
   2.0675659e+01  -1.2783569e+01  -8.4144632e-01
   2.0751953e+01  -1.2811403e+01  -8.4317211e-01
   2.0828247e+01  -1.2810208e+01  -8.4764999e-01
   2.0904541e+01  -1.2880264e+01  -8.5066460e-01
   2.0980835e+01  -1.2857708e+01  -8.5804228e-01
   2.1057129e+01  -1.2872901e+01  -8.5873938e-01
   2.1133423e+01  -1.2887454e+01  -8.6756442e-01
   2.1209717e+01  -1.2920949e+01  -8.6349008e-01
   2.1286011e+01  -1.2987290e+01  -8.6563784e-01
   2.1362305e+01  -1.3039708e+01  -8.6157962e-01
   2.1438599e+01  -1.3069038e+01  -8.6116455e-01
   2.1514893e+01  -1.3101387e+01  -8.6605911e-01
   2.1591187e+01  -1.3136594e+01  -8.6840017e-01
   2.1667480e+01  -1.3158373e+01  -8.7292162e-01
   2.1743774e+01  -1.3189380e+01  -8.7449135e-01
   2.1820068e+01  -1.3206517e+01  -8.7472879e-01
   2.1896362e+01  -1.3202491e+01  -8.7035208e-01
   2.1972656e+01  -1.3185781e+01  -8.7543309e-01
   2.2048950e+01  -1.3224055e+01  -8.7588224e-01
   2.2125244e+01  -1.3244033e+01  -8.7602219e-01
   2.2201538e+01  -1.3233391e+01  -8.7957517e-01
   2.2277832e+01  -1.3246447e+01  -8.7947201e-01
   2.2354126e+01  -1.3229830e+01  -8.8419650e-01
   2.2430420e+01  -1.3225510e+01  -8.8089536e-01
   2.2506714e+01  -1.3237202e+01  -8.8031506e-01
   2.2583008e+01  -1.3217011e+01  -8.7708726e-01
   2.2659302e+01  -1.3259601e+01  -8.7753857e-01
   2.2735596e+01  -1.3287050e+01  -8.7990416e-01
   2.2811890e+01  -1.3310902e+01  -8.8196475e-01
   2.2888184e+01  -1.3342928e+01  -8.8726255e-01
   2.2964478e+01  -1.3326444e+01  -8.8690935e-01
   2.3040771e+01  -1.3331384e+01  -8.8730758e-01
   2.3117065e+01  -1.3316598e+01  -8.8841721e-01
   2.3193359e+01  -1.3328734e+01  -8.8831072e-01
   2.3269653e+01  -1.3318734e+01  -8.9178272e-01
   2.3345947e+01  -1.3309072e+01  -8.9773780e-01
   2.3422241e+01  -1.3346892e+01  -9.0301066e-01
   2.3498535e+01  -1.3361822e+01  -9.0039878e-01
   2.3574829e+01  -1.3351424e+01  -9.0276617e-01
   2.3651123e+01  -1.3388257e+01  -9.0422563e-01
   2.3727417e+01  -1.3439787e+01  -9.0545046e-01
   2.3803711e+01  -1.3439458e+01  -9.0409101e-01
   2.3880005e+01  -1.3463503e+01  -9.1048864e-01
   2.3956299e+01  -1.3439254e+01  -9.1612892e-01
   2.4032593e+01  -1.3497458e+01  -9.2506288e-01
   2.4108887e+01  -1.3477241e+01  -9.2777152e-01
   2.4185181e+01  -1.3468903e+01  -9.3191176e-01
   2.4261475e+01  -1.3409361e+01  -9.3518810e-01
   2.4337769e+01  -1.3377214e+01  -9.4022205e-01
   2.4414062e+01  -1.3386686e+01  -9.3803744e-01
   2.4490356e+01  -1.3353682e+01  -9.4090211e-01
   2.4566650e+01  -1.3408645e+01  -9.4417887e-01
   2.4642944e+01  -1.3402865e+01  -9.4948751e-01
   2.4719238e+01  -1.3429196e+01  -9.5702634e-01
   2.4795532e+01  -1.3445307e+01  -9.5995763e-01
   2.4871826e+01  -1.3449244e+01  -9.5767307e-01
   2.4948120e+01  -1.3487268e+01  -9.5393129e-01
   2.5024414e+01  -1.3521868e+01  -9.5363108e-01
   2.5100708e+01  -1.3601304e+01  -9.5567442e-01
   2.5177002e+01  -1.3617364e+01  -9.6215472e-01
   2.5253296e+01  -1.3601718e+01  -9.7002541e-01
   2.5329590e+01  -1.3567075e+01  -9.8063592e-01
   2.5405884e+01  -1.3556964e+01  -9.7731997e-01
   2.5482178e+01  -1.3546266e+01  -9.7793088e-01
   2.5558472e+01  -1.3573271e+01  -9.7530854e-01
   2.5634766e+01  -1.3609293e+01  -9.7830409e-01
   2.5711060e+01  -1.3615444e+01  -9.8388439e-01
   2.5787354e+01  -1.3646080e+01  -9.8790591e-01
   2.5863647e+01  -1.3645976e+01  -9.8542338e-01
   2.5939941e+01  -1.3644806e+01  -9.8298132e-01
   2.6016235e+01  -1.3732949e+01  -9.8424169e-01
   2.6092529e+01  -1.3775482e+01  -9.8219499e-01
   2.6168823e+01  -1.3872164e+01  -9.8668914e-01
   2.6245117e+01  -1.3852235e+01  -9.8016450e-01
   2.6321411e+01  -1.3804496e+01  -9.7917506e-01
   2.6397705e+01  -1.3770232e+01  -9.7670818e-01
   2.6473999e+01  -1.3747118e+01  -9.8028170e-01
   2.6550293e+01  -1.3813409e+01  -9.8896545e-01
   2.6626587e+01  -1.3821257e+01  -9.9214214e-01
   2.6702881e+01  -1.3817712e+01  -9.9970253e-01
   2.6779175e+01  -1.3788789e+01  -9.9811121e-01
   2.6855469e+01  -1.3805861e+01  -9.9311726e-01
   2.6931763e+01  -1.3813937e+01  -9.8981272e-01
   2.7008057e+01  -1.3886648e+01  -9.9087483e-01
   2.7084351e+01  -1.3912392e+01  -9.9518324e-01
   2.7160645e+01  -1.3917809e+01  -1.0015249e+00
   2.7236938e+01  -1.3913860e+01  -1.0018290e+00
   2.7313232e+01  -1.3860604e+01  -9.9556653e-01
   2.7389526e+01  -1.3872938e+01  -9.9637575e-01
   2.7465820e+01  -1.3908473e+01  -9.9818279e-01
   2.7542114e+01  -1.3952023e+01  -9.9970715e-01
   2.7618408e+01  -1.3888431e+01  -1.0081219e+00
   2.7694702e+01  -1.3865980e+01  -1.0089696e+00
   2.7770996e+01  -1.3835189e+01  -1.0102739e+00
   2.7847290e+01  -1.3907388e+01  -1.0025110e+00
   2.7923584e+01  -1.3958771e+01  -1.0023143e+00
   2.7999878e+01  -1.4038486e+01  -1.0031334e+00
   2.8076172e+01  -1.4035025e+01  -1.0046739e+00
   2.8152466e+01  -1.3992783e+01  -1.0093124e+00
   2.8228760e+01  -1.4015135e+01  -1.0035237e+00
   2.8305054e+01  -1.3996052e+01  -9.9818429e-01
   2.8381348e+01  -1.4028477e+01  -1.0049612e+00
   2.8457642e+01  -1.4115134e+01  -1.0091922e+00
   2.8533936e+01  -1.4098011e+01  -1.0144661e+00
   2.8610229e+01  -1.4072845e+01  -1.0121679e+00
   2.8686523e+01  -1.4035853e+01  -1.0121985e+00
   2.8762817e+01  -1.4063483e+01  -1.0066205e+00
   2.8839111e+01  -1.4140189e+01  -1.0114028e+00
   2.8915405e+01  -1.4184449e+01  -1.0161709e+00
   2.8991699e+01  -1.4225215e+01  -1.0227126e+00
   2.9067993e+01  -1.4140804e+01  -1.0287840e+00
   2.9144287e+01  -1.4188791e+01  -1.0233395e+00
   2.9220581e+01  -1.4143916e+01  -1.0230377e+00
   2.9296875e+01  -1.4266775e+01  -1.0252360e+00
   2.9373169e+01  -1.4300898e+01  -1.0344204e+00
   2.9449463e+01  -1.4349361e+01  -1.0427661e+00
   2.9525757e+01  -1.4322685e+01  -1.0430096e+00
   2.9602051e+01  -1.4311935e+01  -1.0401251e+00
   2.9678345e+01  -1.4360116e+01  -1.0335453e+00
   2.9754639e+01  -1.4394970e+01  -1.0351847e+00
   2.9830933e+01  -1.4467056e+01  -1.0467993e+00
   2.9907227e+01  -1.4509935e+01  -1.0446078e+00
   2.9983521e+01  -1.4412504e+01  -1.0512466e+00
   3.0059814e+01  -1.4473159e+01  -1.0494077e+00
   3.0136108e+01  -1.4517663e+01  -1.0521002e+00
   3.0212402e+01  -1.4587256e+01  -1.0524086e+00
   3.0288696e+01  -1.4661707e+01  -1.0657263e+00
   3.0364990e+01  -1.4641742e+01  -1.0694306e+00
   3.0441284e+01  -1.4683098e+01  -1.0743176e+00
   3.0517578e+01  -1.4636495e+01  -1.0775528e+00
   3.0593872e+01  -1.4823753e+01  -1.0819492e+00
   3.0670166e+01  -1.4826607e+01  -1.0846605e+00
   3.0746460e+01  -1.4849751e+01  -1.0905334e+00
   3.0822754e+01  -1.4757909e+01  -1.0938289e+00
   3.0899048e+01  -1.4712843e+01  -1.0870033e+00
   3.0975342e+01  -1.4696127e+01  -1.0818198e+00
   3.1051636e+01  -1.4740200e+01  -1.0835725e+00
   3.1127930e+01  -1.4778371e+01  -1.0919460e+00
   3.1204224e+01  -1.4757185e+01  -1.1057280e+00
   3.1280518e+01  -1.4711783e+01  -1.1112878e+00
   3.1356812e+01  -1.4748800e+01  -1.1094275e+00
   3.1433105e+01  -1.4798128e+01  -1.1008405e+00
   3.1509399e+01  -1.4909215e+01  -1.0946225e+00
   3.1585693e+01  -1.4907760e+01  -1.0987682e+00
   3.1661987e+01  -1.4917230e+01  -1.1028751e+00
   3.1738281e+01  -1.4905143e+01  -1.1003324e+00
   3.1814575e+01  -1.4829056e+01  -1.0879867e+00
   3.1890869e+01  -1.4872857e+01  -1.0867796e+00
   3.1967163e+01  -1.4867908e+01  -1.0824080e+00
   3.2043457e+01  -1.4914668e+01  -1.0847755e+00
   3.2119751e+01  -1.4775299e+01  -1.0800245e+00
   3.2196045e+01  -1.4718554e+01  -1.0828001e+00
   3.2272339e+01  -1.4753311e+01  -1.0794306e+00
   3.2348633e+01  -1.4812376e+01  -1.0773028e+00
   3.2424927e+01  -1.4848555e+01  -1.0844719e+00
   3.2501221e+01  -1.4813554e+01  -1.0945727e+00
   3.2577515e+01  -1.4779575e+01  -1.0918683e+00
   3.2653809e+01  -1.4716228e+01  -1.0841964e+00
   3.2730103e+01  -1.4743346e+01  -1.0687732e+00
   3.2806396e+01  -1.4765760e+01  -1.0691113e+00
   3.2882690e+01  -1.4766482e+01  -1.0710616e+00
   3.2958984e+01  -1.4697210e+01  -1.0857704e+00
   3.3035278e+01  -1.4641470e+01  -1.0913772e+00
   3.3111572e+01  -1.4643458e+01  -1.0944626e+00
   3.3187866e+01  -1.4661598e+01  -1.0951162e+00
   3.3264160e+01  -1.4686861e+01  -1.1050124e+00
   3.3340454e+01  -1.4653201e+01  -1.1180922e+00
   3.3416748e+01  -1.4625187e+01  -1.1269067e+00
   3.3493042e+01  -1.4589555e+01  -1.1247305e+00
   3.3569336e+01  -1.4611163e+01  -1.1213219e+00
   3.3645630e+01  -1.4691257e+01  -1.1192942e+00
   3.3721924e+01  -1.4760374e+01  -1.1248953e+00
   3.3798218e+01  -1.4768365e+01  -1.1302452e+00
   3.3874512e+01  -1.4737748e+01  -1.1351593e+00
   3.3950806e+01  -1.4757725e+01  -1.1372677e+00
   3.4027100e+01  -1.4828857e+01  -1.1347020e+00
   3.4103394e+01  -1.4876584e+01  -1.1451569e+00
   3.4179688e+01  -1.4939605e+01  -1.1542094e+00
   3.4255981e+01  -1.4969679e+01  -1.1624859e+00
   3.4332275e+01  -1.5003238e+01  -1.1531461e+00
   3.4408569e+01  -1.5027986e+01  -1.1528640e+00
   3.4484863e+01  -1.5155224e+01  -1.1485179e+00
   3.4561157e+01  -1.5186409e+01  -1.1537341e+00
   3.4637451e+01  -1.5237593e+01  -1.1571137e+00
   3.4713745e+01  -1.5213815e+01  -1.1506651e+00
   3.4790039e+01  -1.5240156e+01  -1.1495743e+00
   3.4866333e+01  -1.5367529e+01  -1.1419411e+00
   3.4942627e+01  -1.5415798e+01  -1.1410922e+00
   3.5018921e+01  -1.5427939e+01  -1.1485355e+00
   3.5095215e+01  -1.5383923e+01  -1.1530226e+00
   3.5171509e+01  -1.5358607e+01  -1.1606181e+00
   3.5247803e+01  -1.5429305e+01  -1.1580640e+00
   3.5324097e+01  -1.5470184e+01  -1.1595135e+00
   3.5400391e+01  -1.5482434e+01  -1.1620269e+00
   3.5476685e+01  -1.5410430e+01  -1.1650853e+00
   3.5552979e+01  -1.5346255e+01  -1.1647144e+00
   3.5629272e+01  -1.5345981e+01  -1.1608853e+00
   3.5705566e+01  -1.5397118e+01  -1.1578177e+00
   3.5781860e+01  -1.5415834e+01  -1.1581015e+00
   3.5858154e+01  -1.5406536e+01  -1.1703482e+00
   3.5934448e+01  -1.5444575e+01  -1.1687553e+00
   3.6010742e+01  -1.5383043e+01  -1.1680681e+00
   3.6087036e+01  -1.5451761e+01  -1.1660981e+00
   3.6163330e+01  -1.5395359e+01  -1.1632721e+00
   3.6239624e+01  -1.5395825e+01  -1.1742330e+00
   3.6315918e+01  -1.5353608e+01  -1.1689597e+00
   3.6392212e+01  -1.5298177e+01  -1.1755398e+00
   3.6468506e+01  -1.5343382e+01  -1.1798977e+00
   3.6544800e+01  -1.5369815e+01  -1.1850202e+00
   3.6621094e+01  -1.5328244e+01  -1.1983341e+00
   3.6697388e+01  -1.5364602e+01  -1.1890732e+00
   3.6773682e+01  -1.5239033e+01  -1.1772488e+00
   3.6849976e+01  -1.5322489e+01  -1.1620863e+00
   3.6926270e+01  -1.5342790e+01  -1.1578106e+00
   3.7002563e+01  -1.5500757e+01  -1.1718886e+00
   3.7078857e+01  -1.5565204e+01  -1.1810340e+00
   3.7155151e+01  -1.5551260e+01  -1.1853657e+00
   3.7231445e+01  -1.5579931e+01  -1.1876062e+00
   3.7307739e+01  -1.5592570e+01  -1.1847707e+00
   3.7384033e+01  -1.5633381e+01  -1.1918297e+00
   3.7460327e+01  -1.5576548e+01  -1.1969510e+00
   3.7536621e+01  -1.5559608e+01  -1.2015590e+00
   3.7612915e+01  -1.5530602e+01  -1.1952111e+00
   3.7689209e+01  -1.5582848e+01  -1.1932553e+00
   3.7765503e+01  -1.5670074e+01  -1.1958944e+00
   3.7841797e+01  -1.5737211e+01  -1.2017684e+00
   3.7918091e+01  -1.5741512e+01  -1.1997810e+00
   3.7994385e+01  -1.5680264e+01  -1.1914115e+00
   3.8070679e+01  -1.5733340e+01  -1.1847842e+00
   3.8146973e+01  -1.5797139e+01  -1.1705455e+00
   3.8223267e+01  -1.5809204e+01  -1.1890159e+00
   3.8299561e+01  -1.5888547e+01  -1.1956272e+00
   3.8375854e+01  -1.5758098e+01  -1.2103799e+00
   3.8452148e+01  -1.5806322e+01  -1.2163676e+00
   3.8528442e+01  -1.5809834e+01  -1.2103108e+00
   3.8604736e+01  -1.5832484e+01  -1.2081418e+00
   3.8681030e+01  -1.5811413e+01  -1.2122390e+00
   3.8757324e+01  -1.5742324e+01  -1.2171459e+00
   3.8833618e+01  -1.5746753e+01  -1.2266372e+00
   3.8909912e+01  -1.5757868e+01  -1.2231971e+00
   3.8986206e+01  -1.5771204e+01  -1.2267590e+00
   3.9062500e+01  -1.5772813e+01  -1.2282054e+00
   3.9138794e+01  -1.5747972e+01  -1.2310343e+00
   3.9215088e+01  -1.5749571e+01  -1.2341302e+00
   3.9291382e+01  -1.5739333e+01  -1.2306960e+00
   3.9367676e+01  -1.5730167e+01  -1.2335651e+00
   3.9443970e+01  -1.5712241e+01  -1.2361273e+00
   3.9520264e+01  -1.5762312e+01  -1.2377266e+00
   3.9596558e+01  -1.5746531e+01  -1.2365085e+00
   3.9672852e+01  -1.5861386e+01  -1.2383498e+00
   3.9749146e+01  -1.5827687e+01  -1.2345959e+00
   3.9825439e+01  -1.5836855e+01  -1.2477241e+00
   3.9901733e+01  -1.5834178e+01  -1.2484439e+00
   3.9978027e+01  -1.5809174e+01  -1.2475296e+00
   4.0054321e+01  -1.5752821e+01  -1.2460358e+00
   4.0130615e+01  -1.5775600e+01  -1.2506148e+00
   4.0206909e+01  -1.5814001e+01  -1.2481047e+00
   4.0283203e+01  -1.5806285e+01  -1.2446471e+00
   4.0359497e+01  -1.5783790e+01  -1.2417130e+00
   4.0435791e+01  -1.5775030e+01  -1.2382347e+00
   4.0512085e+01  -1.5743457e+01  -1.2386750e+00
   4.0588379e+01  -1.5754537e+01  -1.2442096e+00
   4.0664673e+01  -1.5787313e+01  -1.2482497e+00
   4.0740967e+01  -1.5829692e+01  -1.2448283e+00
   4.0817261e+01  -1.5787142e+01  -1.2452126e+00
   4.0893555e+01  -1.5811929e+01  -1.2531201e+00
   4.0969849e+01  -1.5834118e+01  -1.2531376e+00
   4.1046143e+01  -1.5788372e+01  -1.2574654e+00
   4.1122437e+01  -1.5822172e+01  -1.2618181e+00
   4.1198730e+01  -1.5798071e+01  -1.2632312e+00
   4.1275024e+01  -1.5869864e+01  -1.2692582e+00
   4.1351318e+01  -1.5909106e+01  -1.2678348e+00
   4.1427612e+01  -1.5966901e+01  -1.2692980e+00
   4.1503906e+01  -1.5988869e+01  -1.2685779e+00
   4.1580200e+01  -1.6021572e+01  -1.2669434e+00
   4.1656494e+01  -1.6005156e+01  -1.2671414e+00
   4.1732788e+01  -1.6034978e+01  -1.2703519e+00
   4.1809082e+01  -1.6077889e+01  -1.2740999e+00
   4.1885376e+01  -1.6120232e+01  -1.2768014e+00
   4.1961670e+01  -1.6144141e+01  -1.2843165e+00
   4.2037964e+01  -1.6174466e+01  -1.2862889e+00
   4.2114258e+01  -1.6140479e+01  -1.2869312e+00
   4.2190552e+01  -1.6147796e+01  -1.2869435e+00
   4.2266846e+01  -1.6123174e+01  -1.2861361e+00
   4.2343140e+01  -1.6158912e+01  -1.2892483e+00
   4.2419434e+01  -1.6169889e+01  -1.2870075e+00
   4.2495728e+01  -1.6220085e+01  -1.2893827e+00
   4.2572021e+01  -1.6266700e+01  -1.2887583e+00
   4.2648315e+01  -1.6320903e+01  -1.2926358e+00
   4.2724609e+01  -1.6329076e+01  -1.2968970e+00
   4.2800903e+01  -1.6339887e+01  -1.2960739e+00
   4.2877197e+01  -1.6255622e+01  -1.2922369e+00
   4.2953491e+01  -1.6270112e+01  -1.2983885e+00
   4.3029785e+01  -1.6309544e+01  -1.2995082e+00
   4.3106079e+01  -1.6367461e+01  -1.3059943e+00
   4.3182373e+01  -1.6402887e+01  -1.3034486e+00
   4.3258667e+01  -1.6367429e+01  -1.3029859e+00
   4.3334961e+01  -1.6387711e+01  -1.3037631e+00
   4.3411255e+01  -1.6400404e+01  -1.3012352e+00
   4.3487549e+01  -1.6403097e+01  -1.3032385e+00
   4.3563843e+01  -1.6422446e+01  -1.3049765e+00
   4.3640137e+01  -1.6463144e+01  -1.3016823e+00
   4.3716431e+01  -1.6452096e+01  -1.3018877e+00
   4.3792725e+01  -1.6542282e+01  -1.3093352e+00
   4.3869019e+01  -1.6601372e+01  -1.3053205e+00
   4.3945312e+01  -1.6587168e+01  -1.3023495e+00
   4.4021606e+01  -1.6572187e+01  -1.3054760e+00
   4.4097900e+01  -1.6657557e+01  -1.3039045e+00
   4.4174194e+01  -1.6639319e+01  -1.3027484e+00
   4.4250488e+01  -1.6702131e+01  -1.3013100e+00
   4.4326782e+01  -1.6650917e+01  -1.3000989e+00
   4.4403076e+01  -1.6765323e+01  -1.3039315e+00
   4.4479370e+01  -1.6760008e+01  -1.3000738e+00
   4.4555664e+01  -1.6758730e+01  -1.3068201e+00
   4.4631958e+01  -1.6689329e+01  -1.3094081e+00
   4.4708252e+01  -1.6655682e+01  -1.3129827e+00
   4.4784546e+01  -1.6702755e+01  -1.3104616e+00
   4.4860840e+01  -1.6697116e+01  -1.3063733e+00
   4.4937134e+01  -1.6741887e+01  -1.3114684e+00
   4.5013428e+01  -1.6753755e+01  -1.3065017e+00
   4.5089722e+01  -1.6812914e+01  -1.3029099e+00
   4.5166016e+01  -1.6863863e+01  -1.2957210e+00
   4.5242310e+01  -1.6940744e+01  -1.2959209e+00
   4.5318604e+01  -1.6913141e+01  -1.2977465e+00
   4.5394897e+01  -1.6903832e+01  -1.3056712e+00
   4.5471191e+01  -1.6947488e+01  -1.3064623e+00
   4.5547485e+01  -1.6996277e+01  -1.3017792e+00
   4.5623779e+01  -1.6980082e+01  -1.3078234e+00
   4.5700073e+01  -1.6939285e+01  -1.3116561e+00
   4.5776367e+01  -1.6848810e+01  -1.3226414e+00
   4.5852661e+01  -1.6896296e+01  -1.3267322e+00
   4.5928955e+01  -1.6937617e+01  -1.3307969e+00
   4.6005249e+01  -1.6976357e+01  -1.3365884e+00
   4.6081543e+01  -1.6977492e+01  -1.3386604e+00
   4.6157837e+01  -1.6969169e+01  -1.3351343e+00
   4.6234131e+01  -1.7012443e+01  -1.3290168e+00
   4.6310425e+01  -1.7024851e+01  -1.3382841e+00
   4.6386719e+01  -1.7106475e+01  -1.3498010e+00
   4.6463013e+01  -1.7037841e+01  -1.3558505e+00
   4.6539307e+01  -1.7024598e+01  -1.3566440e+00
   4.6615601e+01  -1.7034780e+01  -1.3592915e+00
   4.6691895e+01  -1.7131776e+01  -1.3685157e+00
   4.6768188e+01  -1.7135686e+01  -1.3760123e+00
   4.6844482e+01  -1.7063066e+01  -1.3814988e+00
   4.6920776e+01  -1.7057781e+01  -1.3792467e+00
   4.6997070e+01  -1.7081273e+01  -1.3774645e+00
   4.7073364e+01  -1.7149704e+01  -1.3831421e+00
   4.7149658e+01  -1.7134592e+01  -1.3881908e+00
   4.7225952e+01  -1.7124714e+01  -1.3871087e+00
   4.7302246e+01  -1.7122996e+01  -1.3754618e+00
   4.7378540e+01  -1.7155854e+01  -1.3696710e+00
   4.7454834e+01  -1.7194629e+01  -1.3738411e+00
   4.7531128e+01  -1.7212993e+01  -1.3777107e+00
   4.7607422e+01  -1.7195545e+01  -1.3763805e+00
   4.7683716e+01  -1.7220150e+01  -1.3734621e+00
   4.7760010e+01  -1.7272686e+01  -1.3767917e+00
   4.7836304e+01  -1.7283235e+01  -1.3780084e+00
   4.7912598e+01  -1.7223836e+01  -1.3773644e+00
   4.7988892e+01  -1.7226138e+01  -1.3729866e+00
   4.8065186e+01  -1.7297647e+01  -1.3702558e+00
   4.8141479e+01  -1.7325303e+01  -1.3741573e+00
   4.8217773e+01  -1.7280274e+01  -1.3831018e+00
   4.8294067e+01  -1.7238635e+01  -1.3880535e+00
   4.8370361e+01  -1.7313194e+01  -1.3821782e+00
   4.8446655e+01  -1.7349068e+01  -1.3820489e+00
   4.8522949e+01  -1.7383654e+01  -1.3992073e+00
   4.8599243e+01  -1.7369054e+01  -1.4088293e+00
   4.8675537e+01  -1.7281812e+01  -1.4056982e+00
   4.8751831e+01  -1.7301536e+01  -1.4021400e+00
   4.8828125e+01  -1.7362377e+01  -1.4017063e+00
   4.8904419e+01  -1.7413209e+01  -1.4079366e+00
   4.8980713e+01  -1.7369075e+01  -1.4033490e+00
   4.9057007e+01  -1.7288327e+01  -1.3952464e+00
   4.9133301e+01  -1.7339891e+01  -1.3967513e+00
   4.9209595e+01  -1.7410155e+01  -1.4017466e+00
   4.9285889e+01  -1.7423527e+01  -1.4140491e+00
   4.9362183e+01  -1.7392794e+01  -1.4135459e+00
   4.9438477e+01  -1.7420407e+01  -1.4133547e+00
   4.9514771e+01  -1.7452281e+01  -1.4125325e+00
   4.9591064e+01  -1.7449458e+01  -1.4240363e+00
   4.9667358e+01  -1.7393602e+01  -1.4244211e+00
   4.9743652e+01  -1.7334107e+01  -1.4173436e+00
   4.9819946e+01  -1.7346315e+01  -1.4105939e+00
   4.9896240e+01  -1.7355141e+01  -1.4134421e+00
   4.9972534e+01  -1.7332277e+01  -1.4201952e+00
   5.0735474e+01  -1.7286986e+01  -1.4349777e+00
   5.1498413e+01  -1.7514945e+01  -1.4274725e+00
   5.2261353e+01  -1.7663344e+01  -1.4311199e+00
   5.3024292e+01  -1.7943185e+01  -1.4547447e+00
   5.3787231e+01  -1.8040015e+01  -1.4739623e+00
   5.4550171e+01  -1.7821151e+01  -1.4750786e+00
   5.5313110e+01  -1.7910411e+01  -1.4455176e+00
   5.6076050e+01  -1.8053265e+01  -1.4795197e+00
   5.6838989e+01  -1.7893392e+01  -1.5025435e+00
   5.7601929e+01  -1.8231477e+01  -1.4941562e+00
   5.8364868e+01  -1.8709242e+01  -1.5241217e+00
   5.9127808e+01  -1.8709037e+01  -1.5324465e+00
   5.9890747e+01  -1.8799568e+01  -1.5396606e+00
   6.0653687e+01  -1.8730674e+01  -1.5648977e+00
   6.1416626e+01  -1.8978305e+01  -1.5850783e+00
   6.2179565e+01  -1.9243452e+01  -1.5890493e+00
   6.2942505e+01  -1.9193340e+01  -1.5959082e+00
   6.3705444e+01  -1.9505811e+01  -1.6053432e+00
   6.4468384e+01  -1.9553078e+01  -1.6042935e+00
   6.5231323e+01  -1.9560868e+01  -1.5970143e+00
   6.5994263e+01  -1.9412928e+01  -1.6244820e+00
   6.6757202e+01  -1.9550887e+01  -1.6664426e+00
   6.7520142e+01  -1.9883250e+01  -1.6660025e+00
   6.8283081e+01  -1.9957569e+01  -1.6389286e+00
   6.9046021e+01  -1.9957859e+01  -1.6338876e+00
   6.9808960e+01  -2.0053253e+01  -1.6544595e+00
   7.0571899e+01  -2.0246606e+01  -1.6695726e+00
   7.1334839e+01  -2.0163375e+01  -1.6692975e+00
   7.2097778e+01  -2.0408026e+01  -1.6843412e+00
   7.2860718e+01  -2.0624553e+01  -1.7148191e+00
   7.3623657e+01  -2.0989393e+01  -1.7230298e+00
   7.4386597e+01  -2.1248575e+01  -1.7161643e+00
   7.5149536e+01  -2.1105013e+01  -1.7287168e+00
   7.5912476e+01  -2.1020579e+01  -1.7396756e+00
   7.6675415e+01  -2.1063792e+01  -1.7167809e+00
   7.7438354e+01  -2.1099689e+01  -1.7219032e+00
   7.8201294e+01  -2.1039820e+01  -1.7960065e+00
   7.8964233e+01  -2.1224839e+01  -1.7903258e+00
   7.9727173e+01  -2.1255368e+01  -1.7310109e+00
   8.0490112e+01  -2.1333879e+01  -1.7561265e+00
   8.1253052e+01  -2.1727087e+01  -1.7848807e+00
   8.2015991e+01  -2.1839847e+01  -1.7760013e+00
   8.2778931e+01  -2.1813184e+01  -1.7806920e+00
   8.3541870e+01  -2.1645068e+01  -1.9615675e+00
   8.4304810e+01  -2.1709630e+01  -2.0130412e+00
   8.5067749e+01  -2.2103516e+01  -1.8630743e+00
   8.5830688e+01  -2.2344693e+01  -1.8515013e+00
   8.6593628e+01  -2.2503899e+01  -1.8485570e+00
   8.7356567e+01  -2.2441284e+01  -1.8336730e+00
   8.8119507e+01  -2.2381997e+01  -1.8314927e+00
   8.8882446e+01  -2.2547338e+01  -1.8391482e+00
   8.9645386e+01  -2.2847426e+01  -1.8707536e+00
   9.0408325e+01  -2.2668470e+01  -1.8612488e+00
   9.1171265e+01  -2.2777456e+01  -1.8375354e+00
   9.1934204e+01  -2.2939514e+01  -1.8715011e+00
   9.2697144e+01  -2.3138451e+01  -1.8851196e+00
   9.3460083e+01  -2.3876012e+01  -1.9079065e+00
   9.4223022e+01  -2.4523430e+01  -1.9401549e+00
   9.4985962e+01  -2.3511597e+01  -1.9410622e+00
   9.5748901e+01  -2.2670907e+01  -1.9014258e+00
   9.6511841e+01  -2.3498997e+01  -1.8892807e+00
   9.7274780e+01  -2.3532613e+01  -1.9004967e+00
   9.8037720e+01  -2.3351308e+01  -1.9154578e+00
   9.8800659e+01  -2.5702610e+01  -1.9142194e+00
   9.9563599e+01  -2.6201566e+01  -1.9144859e+00
   1.0032654e+02  -2.4193589e+01  -1.9752456e+00
   1.0108948e+02  -2.4143465e+01  -1.9685896e+00
   1.0185242e+02  -2.4351366e+01  -1.9641926e+00
   1.0261536e+02  -2.4504900e+01  -1.9998877e+00
   1.0337830e+02  -2.4529648e+01  -2.0052347e+00
   1.0414124e+02  -2.4488801e+01  -2.0046153e+00
   1.0490417e+02  -2.4820444e+01  -1.9861979e+00
   1.0566711e+02  -2.4950254e+01  -1.9533978e+00
   1.0643005e+02  -2.4551467e+01  -1.9863914e+00
   1.0719299e+02  -2.4626166e+01  -1.9932561e+00
   1.0795593e+02  -2.4654493e+01  -1.9972549e+00
   1.0871887e+02  -2.4471050e+01  -2.0011931e+00
   1.0948181e+02  -2.5016442e+01  -1.9815554e+00
   1.1024475e+02  -2.5247012e+01  -1.9843340e+00
   1.1100769e+02  -2.5115461e+01  -2.0156246e+00
   1.1177063e+02  -2.5008480e+01  -2.0308101e+00
   1.1253357e+02  -2.4981511e+01  -2.0465734e+00
   1.1329651e+02  -2.5130871e+01  -1.9958684e+00
   1.1405945e+02  -2.5424720e+01  -1.9945396e+00
   1.1482239e+02  -2.5295011e+01  -2.0566710e+00
   1.1558533e+02  -2.5079619e+01  -2.0647544e+00
   1.1634827e+02  -2.5500047e+01  -2.0348392e+00
   1.1711121e+02  -2.5823871e+01  -2.0124316e+00
   1.1787415e+02  -2.5837829e+01  -2.0669278e+00
   1.1863708e+02  -2.5753612e+01  -2.0707190e+00
   1.1940002e+02  -2.5986328e+01  -2.0693027e+00
   1.2016296e+02  -2.6314496e+01  -2.1171319e+00
   1.2092590e+02  -2.6642255e+01  -2.1352911e+00
   1.2168884e+02  -2.6398067e+01  -2.0953289e+00
   1.2245178e+02  -2.6297839e+01  -2.0944932e+00
   1.2321472e+02  -2.6742981e+01  -2.1018006e+00
   1.2397766e+02  -2.6736958e+01  -2.1039573e+00
   1.2474060e+02  -2.6869619e+01  -2.1216720e+00
   1.2550354e+02  -2.7130244e+01  -2.0902865e+00
   1.2626648e+02  -2.6741299e+01  -2.0919778e+00
   1.2702942e+02  -2.5977815e+01  -1.9912532e+00
   1.2779236e+02  -2.6621343e+01  -2.0190140e+00
   1.2855530e+02  -2.7197914e+01  -2.1286329e+00
   1.2931824e+02  -2.6849982e+01  -2.1085421e+00
   1.3008118e+02  -2.7305673e+01  -2.1346682e+00
   1.3084412e+02  -2.7431090e+01  -2.1051168e+00
   1.3160706e+02  -2.7003725e+01  -2.1209134e+00
   1.3237000e+02  -2.6847830e+01  -2.1608149e+00
   1.3313293e+02  -2.6671008e+01  -2.2640685e+00
   1.3389587e+02  -2.7096500e+01  -2.3218110e+00
   1.3465881e+02  -2.7549360e+01  -2.2667048e+00
   1.3542175e+02  -2.7311376e+01  -2.1808222e+00
   1.3618469e+02  -2.7283864e+01  -2.1387644e+00
   1.3694763e+02  -2.8160559e+01  -2.1986052e+00
   1.3771057e+02  -2.8517077e+01  -2.1818386e+00
   1.3847351e+02  -2.7993316e+01  -2.1298010e+00
   1.3923645e+02  -2.8420691e+01  -2.1425390e+00
   1.3999939e+02  -2.8466261e+01  -2.1509511e+00
   1.4076233e+02  -2.8297166e+01  -2.1510725e+00
   1.4152527e+02  -2.8103976e+01  -2.1664840e+00
   1.4228821e+02  -2.8236794e+01  -2.2041152e+00
   1.4305115e+02  -2.8662627e+01  -2.2275984e+00
   1.4381409e+02  -2.8273998e+01  -2.2173857e+00
   1.4457703e+02  -2.8263102e+01  -2.2024301e+00
   1.4533997e+02  -2.8681809e+01  -2.1804938e+00
   1.4610291e+02  -2.8657734e+01  -2.1653863e+00
   1.4686584e+02  -2.8800022e+01  -2.2268608e+00
   1.4762878e+02  -2.8861831e+01  -2.2159015e+00
   1.4839172e+02  -2.8523475e+01  -2.1938743e+00
   1.4915466e+02  -2.7335862e+01  -2.3442620e+00
   1.4991760e+02  -2.7464350e+01  -2.2936606e+00
   1.5068054e+02  -2.8998467e+01  -2.2485372e+00
   1.5144348e+02  -3.0286412e+01  -2.2443697e+00
   1.5220642e+02  -3.0261552e+01  -2.2097852e+00
   1.5296936e+02  -2.8775938e+01  -2.2505386e+00
   1.5373230e+02  -2.8455989e+01  -2.1641495e+00
   1.5449524e+02  -2.9335681e+01  -2.2108433e+00
   1.5525818e+02  -2.9691016e+01  -2.2936319e+00
   1.5602112e+02  -2.9620868e+01  -2.2741198e+00
   1.5678406e+02  -2.9746534e+01  -2.2412395e+00
   1.5754700e+02  -2.9492863e+01  -2.2580634e+00
   1.5830994e+02  -2.9345112e+01  -2.2123627e+00
   1.5907288e+02  -2.7907814e+01  -2.0942773e+00
   1.5983582e+02  -2.8035084e+01  -2.1332284e+00
   1.6059875e+02  -3.0102678e+01  -2.2632989e+00
   1.6136169e+02  -3.0645348e+01  -2.3332231e+00
   1.6212463e+02  -3.0497768e+01  -2.3485036e+00
   1.6288757e+02  -3.0029427e+01  -2.3082229e+00
   1.6365051e+02  -3.0002598e+01  -2.2952040e+00
   1.6441345e+02  -3.0438359e+01  -2.2736478e+00
   1.6517639e+02  -3.0751435e+01  -2.2285875e+00
   1.6593933e+02  -3.0587189e+01  -2.2338669e+00
   1.6670227e+02  -3.0001653e+01  -2.2571807e+00
   1.6746521e+02  -3.0415196e+01  -2.2783562e+00
   1.6822815e+02  -3.0808930e+01  -2.3460859e+00
   1.6899109e+02  -2.8356308e+01  -1.7941353e+00
   1.6975403e+02  -2.8979118e+01  -1.7885887e+00
   1.7051697e+02  -2.9642944e+01  -2.3002024e+00
   1.7127991e+02  -2.9204128e+01  -2.2070594e+00
   1.7204285e+02  -3.1520338e+01  -2.3085833e+00
   1.7280579e+02  -3.1631958e+01  -2.3211409e+00
   1.7356873e+02  -3.1159879e+01  -2.2653897e+00
   1.7433167e+02  -3.1511673e+01  -2.2938215e+00
   1.7509460e+02  -3.1627603e+01  -2.3135197e+00
   1.7585754e+02  -3.1271021e+01  -2.3117244e+00
   1.7662048e+02  -3.1368744e+01  -2.3228974e+00
   1.7738342e+02  -3.1802746e+01  -2.3295078e+00
   1.7814636e+02  -3.2109982e+01  -2.3554532e+00
   1.7890930e+02  -3.1511973e+01  -2.3939490e+00
   1.7967224e+02  -3.0871627e+01  -2.3575460e+00
   1.8043518e+02  -3.0711384e+01  -2.3383492e+00
   1.8119812e+02  -3.1505082e+01  -2.3075499e+00
   1.8196106e+02  -3.2330729e+01  -2.3313980e+00
   1.8272400e+02  -3.2011502e+01  -2.3677472e+00
   1.8348694e+02  -3.1925503e+01  -2.2853404e+00
   1.8424988e+02  -3.1952897e+01  -2.3236802e+00
   1.8501282e+02  -3.2446762e+01  -2.3512216e+00
   1.8577576e+02  -3.2486486e+01  -2.3803747e+00
   1.8653870e+02  -3.2368532e+01  -2.4646839e+00
   1.8730164e+02  -3.2639890e+01  -2.4216665e+00
   1.8806458e+02  -3.2263919e+01  -2.3438059e+00
   1.8882751e+02  -3.2214981e+01  -2.3514260e+00
   1.8959045e+02  -3.2676785e+01  -2.4523849e+00
   1.9035339e+02  -3.3049079e+01  -2.4231001e+00
   1.9111633e+02  -3.3847789e+01  -2.6075822e+00
   1.9187927e+02  -3.3317388e+01  -2.6273541e+00
   1.9264221e+02  -3.1949637e+01  -2.3729383e+00
   1.9340515e+02  -3.2074300e+01  -2.3712971e+00
   1.9416809e+02  -3.2795731e+01  -2.3460206e+00
   1.9493103e+02  -3.3147044e+01  -2.4280085e+00
   1.9569397e+02  -3.2887852e+01  -2.4727969e+00
   1.9645691e+02  -3.2933427e+01  -2.3557131e+00
   1.9721985e+02  -3.2994722e+01  -2.3184270e+00
   1.9798279e+02  -3.3827862e+01  -2.3867032e+00
   1.9874573e+02  -3.4768247e+01  -1.9984818e+00
   1.9950867e+02  -3.3901749e+01  -2.0109790e+00
   2.1522522e+02  -3.4633589e+01  -2.4578457e+00
   2.3048401e+02  -3.5502836e+01  -2.3893321e+00
   2.4574280e+02  -3.5428067e+01  -2.4290549e+00
   2.6100159e+02  -3.7333691e+01  -2.6341248e+00
   2.7626038e+02  -3.8288583e+01  -2.5717119e+00
   2.9151917e+02  -3.8648803e+01  -2.5937716e+00
   3.0677795e+02  -4.0777911e+01  -2.5500344e+00
   3.2203674e+02  -4.2297118e+01  -2.8699702e+00
   3.3729553e+02  -4.1718009e+01  -2.7475074e+00
   3.5255432e+02  -4.4245458e+01  -2.6259072e+00
   3.6781311e+02  -4.3421239e+01  -2.9426974e+00
   3.8307190e+02  -4.5093669e+01  -2.8688604e+00
   3.9833069e+02  -4.3414738e+01  -2.6189887e+00
   4.1358948e+02  -4.2517703e+01  -2.6590165e+00
   4.2884827e+02  -4.5564396e+01  -2.9575174e+00
   4.4410706e+02  -4.7218776e+01  -3.0265315e+00
   4.5936584e+02  -4.7329233e+01  -3.2998262e+00
   4.7462463e+02  -4.9937710e+01  -3.1221899e+00
   4.8988342e+02  -5.0271684e+01  -2.7244394e+00
   5.0514221e+02  -4.6541736e+01  -3.0369020e+00
   5.2040100e+02  -5.1496667e+01  -3.2010413e+00
   5.3565979e+02  -5.1961003e+01  -3.3436864e+00
   5.5091858e+02  -4.9840779e+01  -1.9499385e+00
   5.6617737e+02  -5.3016543e+01  -2.4749931e+00
   5.8143616e+02  -5.1699099e+01  -2.9693016e+00
   5.9669495e+02  -5.6184721e+01  -3.4409734e+00
   6.0005188e+02  -3.4388978e+01  -3.9160239e+00
